1,12
159,14
263,6,8
407,2,4
539,6,2
623,1
815,6
971,10
1091,5,1
1235,1
1367,3
1487,7,8
1559,5,8
1716,10,1
1860,1
1968,8
2076,4
2220,11,1
2316,6
2448,13
2545,14
2665,1
2785,13
2941,3
3036,6,1
3164,6,2
3283,11
3560,13
3689,13
3746,11
3890,12
4022,12
4165,12
4613,12
4791,13
4998,13
5141,13
5294,13
5403,12
5506,13
5650,12,13
5969,13
6123,10
6225,1
6357,14
6489,13
6657,13
6885,1
7041,1,11
7161,1
7258,12,13
7377,1
7525,13
7681,13
7797,7
7953,13
8061,1
8181,4
8273,5,8
8343,10
8391,5,8
8449,4,8
8519,6,1
8584,6,8
8748,5,8
8857,11
8936,5,8
9020,5,8
9175,6,8
9343,5,8
9466,3,1
9572,6,1
9678,5,1
9799,11
9967,1
10111,1,
10219,5,1
10348,4,8
10485,7,8
10566,3
10683,8
10805,2
10937,4,8
11117,4,1
11224,9
11273,4,8
11344,10
11464,3,8
11572,2
11716,3,8
11843,6,8
11978,3
12034,4,8
12123,2
12221,5,8
12346,9
12419,4,8
12577,7,8
12678,4,8
12815,9
12907,7,8
13039,7,8
13159,2
13236,4,8
13366,5,8
13477,2
13566,5,8
13660,2
13725,6,8
13830,2
13908,7,8
14067,7,8
14161,1
14250,5,8
14322,4,8
14421,2
14482,2
14561,2
14670,5,8
14802,6,8
14907,4,1
15027,9
15107,6,8
15226,9,1
15284,4,8
15349,6,8
15472,9
15535,2
15631,10,11
15725,7,8
15809,6,8
15891,6,8
15995,1,4
16104,9,1
16204,5,10
16325,2
16412,2
16541,5,8
16682,10
16768,2
16855,1
16930,7,8
17038,10,,3
17155,9,1
17275,10
17406,3,8
17551,5,10
17658,10,9
17733,4,8
17814,7,8
17939,5,8
18097,-1